NUM_BLOCKS 5
BLOCK 0
X_N:
40 80 120 160 200 240 280 320
100 140 180 220 260 300 340 380
160 200 240 280 320 360 400 440
220 260 300 340 380 420 460 500
280 320 360 400 440 480 520 560
340 380 420 460 500 540 580 620
400 440 480 520 560 600 640 680
460 500 540 580 620 660 700 740
S_PREV:
0 0 0 0 0 0 0 0
0 0 0 0 0 0 0 0
0 0 0 0 0 0 0 0
0 0 0 0 0 0 0 0
0 0 0 0 0 0 0 0
0 0 0 0 0 0 0 0
0 0 0 0 0 0 0 0
0 0 0 0 0 0 0 0
Y_N:
3119 -729 0 -76 0 -23 0 -6
-1092 0 0 0 0 0 0 0
0 0 0 0 0 0 0 0
-116 0 0 0 0 0 0 0
0 0 0 0 0 0 0 0
-34 0 0 0 0 0 0 0
0 0 0 0 0 0 0 0
-8 0 0 0 0 0 0 0
S_N:
0 0 0 0 0 0 0 0
0 0 0 0 0 0 0 0
0 0 1 0 1 0 1 1
0 0 0 0 0 0 0 0
-1 -1 0 0 0 0 0 0
-1 -1 -1 -1 -1 -1 -1 -1
0 0 0 0 0 0 0 0
-1 -1 0 0 0 -1 0 0
BLOCK 1
X_N:
512 512 512 512 512 512 512 512
512 512 512 512 512 512 512 512
512 512 512 512 512 512 512 512
512 512 512 512 512 512 512 512
512 512 512 512 512 512 512 512
512 512 512 512 512 512 512 512
512 512 512 512 512 512 512 512
512 512 512 512 512 512 512 512
S_PREV:
0 0 0 0 0 0 0 0
0 0 0 0 0 0 0 0
0 0 1 0 1 0 1 1
0 0 0 0 0 0 0 0
-1 -1 0 0 0 0 0 0
-1 -1 -1 -1 -1 -1 -1 -1
0 0 0 0 0 0 0 0
-1 -1 0 0 0 -1 0 0
Y_N:
4095 0 0 -1 -1 -1 -1 0
1 0 1 0 1 0 0 0
0 1 0 0 0 -1 0 0
0 0 0 0 0 0 0 0
0 0 0 0 0 0 1 1
0 -1 0 -1 0 -1 1 0
0 0 0 0 0 0 0 0
0 0 0 0 0 0 0 0
S_N:
-2 -1 -1 0 0 -1 -1 1
2 0 1 0 0 -2 0 -1
0 0 -1 0 0 -1 0 0
-2 1 0 1 0 0 0 0
0 -1 0 0 -1 0 0 0
0 0 0 0 -1 -1 0 -1
-2 0 0 -1 -1 -1 -1 0
0 0 0 -2 0 0 -1 0
BLOCK 2
X_N:
312 712 312 712 312 712 312 712
712 312 712 312 712 312 712 312
312 712 312 712 312 712 312 712
712 312 712 312 712 312 712 312
312 712 312 712 312 712 312 712
712 312 712 312 712 312 712 312
312 712 312 712 312 712 312 712
712 312 712 312 712 312 712 312
S_PREV:
-2 -1 -1 0 0 -1 -1 1
2 0 1 0 0 -2 0 -1
0 0 -1 0 0 -1 0 0
-2 1 0 1 0 0 0 0
0 -1 0 0 -1 0 0 0
0 0 0 0 -1 -1 0 -1
-2 0 0 -1 -1 -1 -1 0
0 0 0 -2 0 0 -1 0
Y_N:
4095 0 0 0 0 0 0 0
1 -51 -1 -61 0 -92 0 -260
0 0 0 -1 0 0 -1 0
0 -61 0 -72 0 -108 0 -308
0 -1 0 0 -1 0 0 0
0 -91 0 -108 0 -161 -1 -460
-1 0 0 -1 -1 1 0 0
0 -260 1 -308 0 -461 0 -1313
S_N:
-1 1 0 -2 0 -1 0 -1
1 1 0 1 2 0 -1 1
-1 1 0 -1 0 -2 -1 0
-1 0 -1 0 0 2 1 0
0 -2 0 -2 0 -1 1 -1
-1 -1 -1 -1 -1 -2 -1 -3
0 -1 -1 0 0 -1 -1 -1
-3 -1 0 0 -1 0 -1 0
BLOCK 3
X_N:
408 716 368 56 424 284 752 80
408 484 840 856 296 808 348 464
396 412 604 520 596 208 4 348
940 628 148 516 764 748 80 640
812 228 84 1008 940 352 192 872
232 1016 676 1020 876 748 828 56
756 756 696 756 200 428 216 972
252 992 520 912 200 536 80 288
S_PREV:
-1 1 0 -2 0 -1 0 -1
1 1 0 1 2 0 -1 1
-1 1 0 -1 0 -2 -1 0
-1 0 -1 0 0 2 1 0
0 -2 0 -2 0 -1 1 -1
-1 -1 -1 -1 -1 -2 -1 -3
0 -1 -1 0 0 -1 -1 -1
-3 -1 0 0 -1 0 -1 0
Y_N:
4204 515 -351 -124 260 -234 -86 -511
-393 -144 89 301 -156 70 106 493
-289 190 145 -377 -884 133 -96 -87
320 -249 -31 206 -212 211 -470 271
-251 -46 263 426 340 -175 -192 -31
-105 119 553 150 -49 -223 14 212
-262 140 -455 111 -479 -84 -545 285
-341 -59 271 -285 594 26 109 216
S_N:
-3 1 -1 2 0 -1 -2 0
4 -1 1 -1 2 -2 0 -1
-1 1 -2 0 0 -1 0 -1
0 1 0 1 -1 1 -1 1
-1 -2 0 -2 -2 0 0 -1
-1 -2 0 1 -1 0 0 0
-2 0 -1 -1 -2 0 -2 -2
-1 1 0 -1 0 0 0 1
BLOCK 4
X_N:
664 68 524 352 236 52 964 996
32 356 208 516 332 364 440 748
792 684 1008 28 696 136 820 320
652 196 412 524 4 1012 532 212
420 12 212 880 760 580 868 172
644 804 756 908 52 376 188 56
796 820 856 1004 992 756 156 848
828 944 324 440 208 92 612 864
S_PREV:
-3 1 -1 2 0 -1 -2 0
4 -1 1 -1 2 -2 0 -1
-1 1 -2 0 0 -1 0 -1
0 1 0 1 -1 1 -1 1
-1 -2 0 -2 -2 0 0 -1
-1 -2 0 1 -1 0 0 0
-2 0 -1 -1 -2 0 -2 -2
-1 1 0 -1 0 0 0 1
Y_N:
4138 143 235 -183 105 414 -54 -12
-497 -659 223 -35 -148 263 46 488
182 -151 727 -597 373 -388 -185 115
-42 -74 -406 -135 258 321 46 -247
-235 -532 356 295 96 529 -78 -43
486 254 64 70 -42 -24 508 92
-108 596 504 -177 -341 207 -178 456
466 -167 -170 96 265 -90 -225 742
S_N:
-3 2 -2 0 -1 -1 -1 0
3 0 -1 1 2 -1 0 1
-2 1 -2 1 0 -1 -2 0
-1 0 -1 0 0 1 1 1
-1 0 0 -1 -2 -1 1 -1
0 1 -3 -1 0 0 0 -3
1 -2 -1 -2 1 0 -1 -4
-3 0 -1 0 -2 -1 -1 -4
